14
200
0 1 0.500
1 2 0.634
1 3 0.094
0 4 0.195
0 5 0.938
3 6 0.693
6 7 0.832
4 8 0.913
2 9 0.530
1 10 0.511
8 11 0.873
2 12 0.694
12 13 0.587
7 7 0.786
12 5 0.403
13 2 0.141
0 5 0.170
7 1 0.559
13 5 0.676
9 5 0.422
4 7 0.245
9 12 0.368
7 3 0.791
1 7 0.911
9 5 0.728
6 1 0.301
5 3 0.609
13 0 0.629
5 11 0.692
6 4 0.496
0 10 0.206
0 4 0.223
4 11 0.865
2 9 0.128
5 6 0.108
0 12 0.371
12 1 0.643
5 12 0.781
5 3 0.919
0 13 0.579
6 2 0.334
8 12 0.434
11 11 0.725
4 12 0.226
8 10 0.675
13 8 0.632
0 0 0.567
10 11 0.831
4 7 0.378
2 8 0.428
7 3 0.039
11 9 0.625
3 3 0.583
5 10 0.655
9 11 0.881
11 1 0.457
4 12 0.870
9 6 0.908
13 7 0.321
7 8 0.775
6 6 0.006
0 10 0.622
12 13 0.191
3 4 0.701
6 2 0.764
5 7 0.476
7 1 0.021
4 13 0.802
4 1 0.099
3 3 0.312
9 11 0.185
9 4 0.996
0 10 0.838
7 7 0.310
7 8 0.105
11 3 0.666
10 10 0.118
5 4 0.109
9 11 0.487
6 7 0.681
5 8 0.309
2 2 0.645
9 8 0.491
13 5 0.265
11 13 0.258
9 8 0.950
13 6 0.939
1 0 0.968
5 12 0.442
1 10 0.421
8 4 0.869
6 8 0.853
11 7 0.768
2 7 0.041
13 7 0.790
10 2 0.747
3 10 0.536
13 3 0.174
1 8 0.617
12 7 0.584
0 10 0.422
6 5 0.650
2 12 0.817
8 0 0.941
3 12 0.405
11 3 0.236
8 11 0.907
4 3 0.785
6 13 0.362
7 8 0.872
9 7 0.718
13 6 0.071
5 0 0.025
2 2 0.497
9 2 0.972
7 5 0.330
5 4 0.119
4 10 0.113
0 0 0.073
2 0 0.198
4 4 0.770
13 4 0.308
10 1 0.622
2 0 0.971
12 1 0.356
12 8 0.968
7 3 0.502
5 6 0.528
11 12 0.400
11 12 0.781
6 12 0.341
12 10 0.452
13 7 0.353
10 5 0.886
9 5 0.054
2 5 0.551
0 3 0.332
11 2 0.687
4 8 0.360
4 13 0.570
9 8 0.543
10 2 0.535
1 1 0.081
3 4 0.886
5 3 0.319
11 1 0.051
9 4 0.704
13 13 0.333
7 0 0.768
0 0 0.983
5 12 0.174
0 13 0.988
12 0 0.645
13 12 0.143
10 3 0.753
1 4 0.084
13 12 0.503
12 6 0.063
5 11 0.491
2 11 0.294
10 9 0.400
9 9 0.590
11 9 0.532
8 4 0.653
11 6 0.998
12 8 0.969
6 8 0.526
3 1 0.107
5 9 0.109
5 1 0.767
13 1 0.163
0 4 0.519
0 13 0.396
4 7 0.875
1 4 0.689
12 13 0.035
8 6 0.073
5 2 0.343
10 12 0.433
7 13 0.705
12 7 0.513
6 1 0.244
13 7 0.105
3 12 0.586
0 11 0.956
11 1 0.106
12 6 0.670
7 5 0.598
11 12 0.705
0 10 0.353
4 1 0.021
9 4 0.407
4 2 0.298
0 9 0.695
5 5 0.252
9 3 0.356
4 12 0.612
11 9 0.630
0 3 0.067
11 11 0.098
