14
48
1 1 0.009
0 2 0.065
1 3 0.165
0 4 0.796
1 5 0.945
3 6 0.969
3 7 0.298
3 8 0.301
3 9 0.316
8 10 0.471
6 11 0.154
11 12 0.263
11 13 0.853
8 4 0.732
7 3 0.652
7 9 0.072
9 0 0.988
3 3 0.887
5 9 0.625
9 11 0.078
6 0 0.049
0 9 0.184
6 12 0.047
2 12 0.301
5 8 0.416
9 7 0.922
9 11 0.888
3 6 0.800
12 7 0.742
10 13 0.550
3 9 0.233
3 4 0.731
13 8 0.373
2 6 0.018
2 11 0.820
2 13 0.719
6 2 0.869
1 12 0.444
5 6 0.407
9 10 0.974
9 12 0.883
3 2 0.412
5 8 0.904
4 0 0.037
10 0 0.787
4 11 0.367
12 1 0.748
7 4 0.816
