15
48
1 1 0.859
2 2 0.287
3 3 0.291
1 4 0.064
4 5 0.580
3 6 0.406
5 7 0.552
5 8 0.829
4 9 0.659
3 10 0.768
3 11 0.601
6 12 0.726
11 13 0.438
5 14 0.494
6 8 0.089
10 0 0.793
2 10 0.922
11 6 0.959
4 9 0.147
12 8 0.618
8 6 0.874
1 7 0.592
7 7 0.055
4 14 0.438
2 4 0.207
10 7 0.699
11 12 0.498
9 9 0.580
6 3 0.469
3 11 0.977
10 4 0.894
9 2 0.126
10 9 0.551
1 6 0.225
11 14 0.127
0 2 0.347
8 0 0.233
3 12 0.953
6 2 0.052
6 11 0.474
8 9 0.901
10 8 0.446
4 0 0.590
11 2 0.984
6 3 0.196
14 0 0.446
0 11 0.033
14 9 0.787
