16
48
0 1 0.931
1 2 0.354
0 3 0.205
2 4 0.373
1 5 0.906
0 6 0.254
1 7 0.737
3 8 0.831
9 9 0.025
4 10 0.626
9 11 0.343
0 12 0.292
10 13 0.237
14 14 0.074
0 15 0.344
13 1 0.598
2 5 0.526
14 4 0.841
10 5 0.302
2 7 0.760
5 7 0.414
6 4 0.178
10 1 0.393
9 11 0.836
6 9 0.271
11 1 0.109
14 11 0.772
9 2 0.275
5 5 0.542
13 14 0.317
3 13 0.955
11 10 0.150
13 4 0.156
4 7 0.620
10 6 0.819
11 0 0.726
15 6 0.487
13 8 0.630
6 13 0.733
1 10 0.876
11 2 0.016
0 13 0.040
2 9 0.668
12 5 0.258
3 6 0.303
8 6 0.800
8 1 0.145
15 11 0.398
