17
48
0 1 0.231
0 2 0.489
1 3 0.546
4 4 0.241
4 5 0.395
5 6 0.692
2 7 0.296
6 8 0.158
5 9 0.355
1 10 0.887
9 11 0.905
4 12 0.956
1 13 0.129
0 14 0.069
8 15 0.683
15 16 0.596
5 9 0.887
2 14 0.513
4 2 0.911
1 11 0.537
0 10 0.141
5 8 0.045
0 10 0.624
13 7 0.382
1 2 0.705
11 14 0.826
4 7 0.815
13 3 0.840
1 4 0.837
1 16 0.039
5 1 0.405
10 5 0.351
12 10 0.631
11 16 0.074
13 6 0.685
2 10 0.295
6 5 0.672
9 8 0.023
11 1 0.532
6 14 0.627
7 8 0.980
10 7 0.558
16 4 0.957
10 3 0.520
7 10 0.062
7 9 0.040
14 10 0.733
12 8 0.876
