20
50
1 1 0.168
2 2 0.604
2 3 0.593
1 4 0.680
3 5 0.854
2 6 0.742
6 7 0.199
0 8 0.067
6 9 0.125
9 10 0.908
10 11 0.524
7 12 0.641
3 13 0.324
11 14 0.722
0 15 0.690
3 16 0.230
9 17 0.586
5 18 0.542
11 19 0.763
13 11 0.034
15 17 0.957
10 6 0.542
18 13 0.959
18 19 0.189
0 1 0.197
1 12 0.238
9 10 0.418
18 10 0.513
15 9 0.666
16 12 0.993
7 7 0.430
19 17 0.974
11 2 0.900
2 9 0.467
14 10 0.422
9 0 0.271
9 4 0.231
3 18 0.348
1 18 0.014
11 1 0.792
17 14 0.476
4 8 0.288
7 14 0.733
15 17 0.374
7 18 0.811
15 1 0.709
18 0 0.171
18 12 0.455
1 13 0.618
2 19 0.378
