40
50
1 1 0.769
0 2 0.975
3 3 0.607
1 4 0.558
0 5 0.470
4 6 0.216
7 7 0.846
6 8 0.028
8 9 0.101
4 10 0.591
4 11 0.541
7 12 0.210
12 13 0.844
2 14 0.796
11 15 0.493
15 16 0.769
8 17 0.635
14 18 0.102
8 19 0.248
18 20 0.860
20 21 0.753
22 22 0.981
20 23 0.732
10 24 0.903
5 25 0.160
14 26 0.462
16 27 0.030
19 28 0.823
27 29 0.119
24 30 0.351
12 31 0.468
16 32 0.317
5 33 0.139
6 34 0.427
23 35 0.862
2 36 0.576
37 37 0.895
8 38 0.177
31 39 0.530
9 33 0.634
19 39 0.572
8 16 0.001
24 20 0.242
2 12 0.305
5 37 0.097
7 19 0.069
34 5 0.430
5 18 0.248
13 13 0.185
14 12 0.424
